Linux 5.4.0-65-generic (wenxin-ThinkPad-X1-Carbon-4th) 	02/25/2021 	_x86_64_	(4 CPU)

04:49:39 PM   UID       PID    %usr %system  %guest   %wait    %CPU   CPU  Command
04:49:40 PM  1000     25467    0.00    0.00    0.00    0.00    0.00     2  nodelet
04:49:41 PM  1000     25467    0.00    0.00    0.00    0.00    0.00     3  nodelet
04:49:42 PM  1000     25467    0.00    0.00    0.00    0.00    0.00     3  nodelet
04:49:43 PM  1000     25467    0.00    0.00    0.00    0.00    0.00     3  nodelet
04:49:44 PM  1000     25467    1.00    0.00    0.00    0.00    1.00     3  nodelet
04:49:45 PM  1000     25467    0.00    0.00    0.00    0.00    0.00     1  nodelet
04:49:46 PM  1000     25467    0.00    0.00    0.00    0.00    0.00     1  nodelet
04:49:47 PM  1000     25467    1.00    0.00    0.00    0.00    1.00     3  nodelet
04:49:48 PM  1000     25467    4.00    2.00    0.00    0.00    6.00     3  nodelet
04:49:49 PM  1000     25467    7.00    1.00    0.00    0.00    8.00     1  nodelet
04:49:50 PM  1000     25467    7.00    1.00    0.00    0.00    8.00     1  nodelet
04:49:51 PM  1000     25467    9.00    3.00    0.00    0.00   12.00     1  nodelet
04:49:52 PM  1000     25467   12.00    0.00    0.00    0.00   12.00     1  nodelet
04:49:53 PM  1000     25467    7.00    2.00    0.00    0.00    9.00     1  nodelet
04:49:54 PM  1000     25467    9.00    1.00    0.00    0.00   10.00     2  nodelet
04:49:55 PM  1000     25467    9.90    0.99    0.00    0.00   10.89     2  nodelet
04:49:56 PM  1000     25467    9.09    0.00    0.00    0.00    9.09     0  nodelet
04:49:57 PM  1000     25467   11.00    0.00    0.00    0.00   11.00     0  nodelet
04:49:58 PM  1000     25467   10.89    0.99    0.00    0.00   11.88     0  nodelet
04:49:59 PM  1000     25467   12.00    0.00    0.00    0.00   12.00     2  nodelet
04:50:00 PM  1000     25467   11.00    0.00    0.00    0.00   11.00     2  nodelet
04:50:01 PM  1000     25467   13.00    1.00    0.00    0.00   14.00     0  nodelet
04:50:02 PM  1000     25467   10.00    0.00    0.00    0.00   10.00     2  nodelet
04:50:03 PM  1000     25467   13.00    1.00    0.00    0.00   14.00     2  nodelet
04:50:04 PM  1000     25467   12.00    1.00    0.00    0.00   13.00     1  nodelet
04:50:05 PM  1000     25467    9.00    1.00    0.00    0.00   10.00     1  nodelet
04:50:06 PM  1000     25467   10.00    1.00    0.00    0.00   11.00     1  nodelet
04:50:07 PM  1000     25467   12.00    0.00    0.00    0.00   12.00     0  nodelet
04:50:08 PM  1000     25467   11.00    0.00    0.00    0.00   11.00     1  nodelet
04:50:09 PM  1000     25467   14.00    0.00    0.00    0.00   14.00     3  nodelet
04:50:10 PM  1000     25467   11.00    0.00    0.00    0.00   11.00     3  nodelet
04:50:11 PM  1000     25467   11.00    1.00    0.00    0.00   12.00     3  nodelet
04:50:12 PM  1000     25467   13.00    0.00    0.00    0.00   13.00     0  nodelet
04:50:13 PM  1000     25467    8.00    1.00    0.00    0.00    9.00     0  nodelet
04:50:14 PM  1000     25467   11.00    0.00    0.00    0.00   11.00     0  nodelet
04:50:15 PM  1000     25467   10.00    0.00    0.00    0.00   10.00     2  nodelet
04:50:16 PM  1000     25467   10.00    1.00    0.00    0.00   11.00     2  nodelet
04:50:17 PM  1000     25467   11.00    0.00    0.00    0.00   11.00     3  nodelet
04:50:18 PM  1000     25467   12.00    0.00    0.00    0.00   12.00     0  nodelet
04:50:19 PM  1000     25467   12.00    0.00    0.00    0.00   12.00     0  nodelet
04:50:20 PM  1000     25467   10.00    1.00    0.00    0.00   11.00     0  nodelet
04:50:21 PM  1000     25467   10.00    1.00    0.00    0.00   11.00     3  nodelet
04:50:22 PM  1000     25467   12.00    0.00    0.00    0.00   12.00     3  nodelet
04:50:23 PM  1000     25467   13.00    0.00    0.00    0.00   13.00     3  nodelet
04:50:24 PM  1000     25467   13.00    1.00    0.00    0.00   14.00     0  nodelet
04:50:25 PM  1000     25467   14.00    0.00    0.00    0.00   14.00     1  nodelet
04:50:26 PM  1000     25467    9.00    0.00    0.00    0.00    9.00     0  nodelet
04:50:27 PM  1000     25467    8.00    1.00    0.00    0.00    9.00     2  nodelet
04:50:28 PM  1000     25467    9.00    1.00    0.00    0.00   10.00     1  nodelet
04:50:29 PM  1000     25467   10.00    1.00    0.00    0.00   11.00     1  nodelet
04:50:30 PM  1000     25467    9.00    1.00    0.00    0.00   10.00     1  nodelet
04:50:31 PM  1000     25467   10.00    2.00    0.00    0.00   12.00     1  nodelet
04:50:32 PM  1000     25467    9.00    1.00    0.00    0.00   10.00     1  nodelet
04:50:33 PM  1000     25467    9.00    1.00    0.00    0.00   10.00     1  nodelet
04:50:34 PM  1000     25467   10.00    1.00    0.00    0.00   11.00     1  nodelet
04:50:35 PM  1000     25467   12.00    0.00    0.00    0.00   12.00     2  nodelet
04:50:36 PM  1000     25467    5.00    1.00    0.00    0.00    6.00     3  nodelet
04:50:37 PM  1000     25467   12.00    0.00    0.00    0.00   12.00     0  nodelet
04:50:38 PM  1000     25467   10.00    0.00    0.00    0.00   10.00     0  nodelet
04:50:39 PM  1000     25467   11.00    1.00    0.00    0.00   12.00     3  nodelet
04:50:40 PM  1000     25467   10.00    2.00    0.00    0.00   12.00     2  nodelet
04:50:41 PM  1000     25467   11.00    0.00    0.00    0.00   11.00     0  nodelet
04:50:42 PM  1000     25467   10.00    0.00    0.00    0.00   10.00     0  nodelet
04:50:43 PM  1000     25467   10.00    1.00    0.00    0.00   11.00     3  nodelet
04:50:44 PM  1000     25467   11.00    1.00    0.00    0.00   12.00     0  nodelet
04:50:45 PM  1000     25467    9.00    0.00    0.00    0.00    9.00     3  nodelet
04:50:46 PM  1000     25467   10.00    1.00    0.00    0.00   11.00     3  nodelet
04:50:47 PM  1000     25467    9.00    1.00    0.00    0.00   10.00     3  nodelet
04:50:48 PM  1000     25467   12.00    0.00    0.00    0.00   12.00     3  nodelet
04:50:49 PM  1000     25467   12.00    0.00    0.00    0.00   12.00     0  nodelet
04:50:50 PM  1000     25467   13.00    0.00    0.00    0.00   13.00     0  nodelet
04:50:51 PM  1000     25467    9.00    0.00    0.00    0.00    9.00     0  nodelet
04:50:52 PM  1000     25467   10.00    0.00    0.00    0.00   10.00     0  nodelet
04:50:53 PM  1000     25467   12.00    0.00    0.00    0.00   12.00     0  nodelet
04:50:54 PM  1000     25467   11.00    1.00    0.00    0.00   12.00     2  nodelet
04:50:55 PM  1000     25467   12.00    0.00    0.00    0.00   12.00     1  nodelet
04:50:56 PM  1000     25467    8.00    0.00    0.00    0.00    8.00     1  nodelet
04:50:57 PM  1000     25467   12.00    0.00    0.00    0.00   12.00     2  nodelet
04:50:58 PM  1000     25467   12.00    0.00    0.00    0.00   12.00     1  nodelet
04:50:59 PM  1000     25467   11.00    0.00    0.00    0.00   11.00     2  nodelet
04:51:00 PM  1000     25467   13.00    1.00    0.00    0.00   14.00     2  nodelet
04:51:01 PM  1000     25467    9.00    1.00    0.00    0.00   10.00     1  nodelet
04:51:02 PM  1000     25467   10.00    0.00    0.00    0.00   10.00     0  nodelet
04:51:03 PM  1000     25467   12.00    1.00    0.00    0.00   13.00     1  nodelet
04:51:04 PM  1000     25467   11.00    0.00    0.00    0.00   11.00     0  nodelet
04:51:05 PM  1000     25467   10.00    1.00    0.00    0.00   11.00     0  nodelet
04:51:06 PM  1000     25467   13.00    0.00    0.00    0.00   13.00     2  nodelet
04:51:07 PM  1000     25467   12.00    0.00    0.00    0.00   12.00     2  nodelet
04:51:08 PM  1000     25467   12.00    0.00    0.00    0.00   12.00     0  nodelet
04:51:09 PM  1000     25467    8.00    0.00    0.00    0.00    8.00     2  nodelet
04:51:10 PM  1000     25467    7.00    1.00    0.00    0.00    8.00     0  nodelet
04:51:11 PM  1000     25467    8.00    0.00    0.00    0.00    8.00     0  nodelet
04:51:12 PM  1000     25467    1.00    0.00    0.00    0.00    1.00     2  nodelet
04:51:13 PM  1000     25467    0.00    0.00    0.00    0.00    0.00     2  nodelet
04:51:14 PM  1000     25467    0.00    0.00    0.00    0.00    0.00     2  nodelet

Average:     1000     25467    9.25    0.48    0.00    0.00    9.74     -  nodelet
